WIDTH=800
HEIGHT=800
MAX_ITER=256
NUM_FRAMES=200

X_CENTER=-0.743643887037151
Y_CENTER=0.13182590420533

ZOOM_FACTOR=1.05
X_RANGE=0.015
Y_RANGE=0.015
